214.54
2739.58
130556.28
2055.38
186.36
157362.69
3491.91
2682.29
188.17
6273.8
200732.18
121.97
84778.97
509253.27
782.26
356.86
626209.63
24665.6
1330.37
2067.83
98750.28
1005.62
36821.64
557823.95
284377.84
244071.68
9694.39
926.87
575.43
1172.73
14787.86
721625.37
190.3
872.9
1224.25
159.5
822848.84
145855.37
135.12
1339.12
1094.43
1159.44
1497.61
17704.27
893.41
213452.65
1243.52
751.99
15153.35
428.5
893419.04
121.41
78053.04
699.51
3466.15
828.23
26802.66
321447.51
147.9
593499.17
766233.85
2598.75
2944.82
217918.69
118047.64
329.61
36237.51
4600.85
1758.44
969346.06
4988.66
5407.03
422082.09
199767.9
14212.51
481.72
97281.07
133166.08
30724.12
345.73
594035.59
334.27
35634.51
1245.63
17189.41
142871.36
176408.4
1539.12
4067.23
149.73
59542.21
42524.72
677867.99
56741.75
72559.3
15708.25
235.96
605.82
16644.77
23231.63
8017.11
61680.9
151150.41
3243.26
16703.33
914994.6
283.13
3337.07
29772.1
160123.5
927451.7
1148.83
193994.97
47289.69
5710.32
96569.42
3074.94
3111.35
8031.9
118966.69
475617.03
973.66
445014.64
12221.76
440.63
3214.75
6324.53
41041.36
25390.27
103.19
1445.33
199.07
10148.59
2718.56
5067.81
3968.02
377.82
1163.6
267695.77
112.62
7297.12
294.65
296687.25
81577.12
17339.48
66775.43
4222.9
13348.97
1549.41
112.44
36666.42
874769.7
7019.02
598921.18
364.24
4502.38
931.55
1056.23
4342.89
832933.0
197.68
7003.73
1235.03
126.94
233873.18
25276.51
4252.58
930.77
258.35
76344.02
1242.53
124.61
442658.96
514.45
461.75
885.37
42911.94
575.86
7075.06
19641.08
133.95
2940.58
643.98
564.02
103721.55
111688.3
2926.29
1566.56
699.11
123.78
1094.07
189.33
22405.1
378782.35
185.78
48651.03
1294.68
219020.68
1510.94
1859.02
411.43
741.92
17038.66
139820.49
2632.4
203538.93
279.42
2323.89
156.88
866928.89
915.57
32493.34
26342.57
113.82
928.76
264.67
763.05
4648.35
2506.36
282201.5
9614.62
13966.87
2585.92
149.97
11152.55
23708.8
49849.77
3732.25
133486.11
580.39
6139.85
17981.95
168.03
19993.85
99756.89
465278.36
313905.29
333472.11
37319.01
148914.12
791926.19
110.21
558.25
51698.08
6908.05
211.24
71278.01
377357.08
737.4
638878.2
5752.66
2158.87
13374.58
2106.65
38244.94
664403.35
23653.87
1839.71
1926.38
180.51
36677.83
341.2
7091.57
1458.76
10747.93
10081.98
624.46
7263.91
302.4
175956.76
1393.25
49652.13
85926.06
396195.57
348619.18
86906.78
887586.09
809.45
2533.96
390.7
840315.74
113.94
229.79
227.27
20146.06
8618.22
9064.0
2977.7
12804.97
150.39
1331.37
5629.42
775.53
401863.21
150.83
162.42
560.35
4329.16
229.94
65538.7
