132888.62
1163.48
1890.85
5412.21
742.35
469935.78
2663.64
1922.06
3761.67
149.61
1300.05
3010.69
1148.24
160791.9
8261.07
567.0
919829.2
487.84
101.12
21143.01
421983.62
326.74
20613.48
10309.11
416.28
310642.23
572.29
1361.01
387.65
4581.48
343306.42
42562.8
377.68
152.19
229703.21
5058.55
2425.05
856249.63
2179.81
354.79
3142.81
20316.33
622.99
3853.64
2688.39
598.78
469.32
20667.06
138951.6
53696.77
2891.97
1369.56
601.15
24119.52
2432.07
117523.04
381.59
571.87
33099.51
115.05
3730.54
1336.01
5571.45
84419.43
606164.76
924212.96
238.35
5096.24
48860.7
391.97
119.46
774.64
94588.75
187.15
119.58
1101.84
451.46
8200.84
4666.66
179826.0
793.6
1824.61
47330.52
989969.81
23342.94
907.02
387275.75
2863.0
133385.75
12747.35
105.49
859.79
107298.58
24770.17
1571.72
9938.85
26124.03
843.36
6402.76
21270.65
395.06
357513.97
1933.04
258.04
908.77
920.5
52080.0
15433.93
738468.27
5358.87
5637.09
8902.0
404006.14
125.8
788474.18
1218.92
18293.82
716.94
591.59
74505.16
194.02
165949.8
17869.47
365.16
10316.48
412.86
54808.0
49305.39
13596.73
169092.93
146.04
3037.44
5258.56
140667.29
159.96
4481.29
4013.76
199.99
14048.08
1493.94
2190.58
392699.67
2189.16
5763.61
119656.93
133.45
175317.61
508.06
182100.09
17175.96
1319.04
353430.93
2060.29
311324.15
319.84
7796.37
1134.8
47458.05
267982.16
67565.25
325175.27
12518.7
902.73
1070.3
270.64
160489.2
810.67
3647.55
5391.03
438.32
145.27
253654.83
14443.18
507882.39
527820.94
57473.15
17571.09
433.1
41066.19
100.7
465918.16
15260.89
2038.44
19064.48
73010.97
547181.21
29110.46
82069.46
42198.1
112.05
15814.79
3867.02
5817.48
184742.69
646.54
5304.12
389450.69
777743.47
2165.21
21254.58
128.42
19627.48
3029.9
555.16
92606.22
12102.0
216.87
269.98
3365.53
45199.62
1475.76
975269.28
275.7
115183.12
2161.75
232359.39
5802.05
86961.81
49618.37
926.02
71127.3
1306.02
108367.31
103095.41
17195.44
128.75
2753.95
160504.44
570971.16
158.4
1339.19
5246.96
23427.49
188.01
273840.06
28889.26
191872.9
930.64
1103.14
968082.99
98830.18
1929.05
13952.32
463096.92
244.12
142312.14
31098.47
680.04
34598.13
3176.02
120120.06
3658.94
9894.45
105.04
182263.37
202.87
69340.52
452922.61
305.25
123.13
707595.03
222556.11
471132.96
396073.12
61472.32
545644.48
6716.66
477.33
251.07
264630.95
9492.17
76728.91
68090.19
686807.34
511206.03
1101.29
184896.11
129171.25
6143.42
1065.69
88127.26
2824.81
1829.89
27970.35
313.88
4840.05
10192.28
1228.16
195.59
668373.39
472.34
89520.57
320220.44
1888.32
13255.24
29963.4
375545.98
164.88
9550.64
687930.68
