48724
4883
49836
4875
48331
4823
49467
4818
48658
4993
49174
4871
49495
4867
48717
4965
48835
4848
49007
4982
49822
4979
49384
4895
49644
4977
48603
4894
48805
4818
48561
4897
49478
4844
49014
4900
49029
4959
48069
4939
48624
4808
48182
4852
48302
4913
48830
4946
49130
4880
49116
4808
48632
4860
49039
4991
49231
4837
49550
4993
49697
4964
49850
4882
49188
4844
49210
4964
48303
4917
49577
4835
48576
4996
48153
4916
49619
4949
48846
4939
49968
4896
48574
4852
49994
4990
48421
4915
49138
4923
49441
4940
49711
4886
49441
4901
49918
4889
49312
4938
49148
4803
48087
4968
48462
4940
49220
4882
48288
4809
48988
4950
48344
4908
48368
4919
49883
4975
49429
4876
48814
4877
48126
4903
48954
4954
49564
4965
49476
4837
48952
4817
49189
4994
48578
4867
48362
4919
49501
4971
49789
4852
48037
4802
48730
4925
49768
4919
49810
4892
49075
4965
49946
4827
49802
4829
48266
4899
49759
4912
48780
4872
49841
4882
48441
4979
49444
4948
48217
4969
49488
4856
49599
4816
49451
4930
49283
4930
48398
4804
48734
4952
49749
4859
48106
4921
48578
4969
49138
4928
48233
4872
48774
4999
48707
4915
49876
4871
49809
4895
49646
4839
49485
4928
48900
4880
48134
4943
49024
4959
49146
4876
49383
4871
48339
4979
48306
4814
48830
4815
49108
4837
48354
4919
48473
4963
48473
4987
49724
4848
49677
4801
48557
4826
48873
4889
48291
4842
49197
4926
883.21
27633.94
123550.02
172.06
162.07
24591.7
4389.64
615.73
114274.28
673.53
7009.16
135.92
11047.42
169043.1
46255.99
846177.94
75551.7
2173.47
2147.88
7642.97
200.62
172.72
18109.78
58815.38
1094.89
4215.74
225157.76
2587.61
62077.77
19174.71
191271.27
9869.27
157191.42
180890.28
460848.99
91242.57
101.65
894.24
538402.37
838.55
32900.82
9494.2
5645.25
1472.02
87750.92
188823.16
29512.47
192.39
28436.27
234656.12
53602.07
14065.58
304.94
12619.39
405.41
263.08
1817.18
1263.89
450.33
555.05
